0.06
0.06
3  30
pop1
        77
pop2
        78
pop3
        78
ba381 3
PSR14 2
PSR14 2
PSR62 3
ba204 3
ba204 4
ba204 4
ba204 4
ba204 2
Ba20  5
fba69 3
ba127 2
ba127 2
ba152 2
ba152 2
ba152 2
ba152 2
ba251 3
ba65- 3
ba65B 2
ba65- 3
bb09  3
bb12  4
ba242 3
ba242 2
ba242 2
ba280 2
bb178 3
bb178 2
UCB82 2
1  1  2  2  1  1  1  1  2  2  1  1  1  1  1  1  1  1  1  1  2  2  2  2  2  2  2  2  1  1  2  2  1  1  2  2  1  1  1  1  1  1  1  1  1  1  2  2  2  2  2  2  2  2  3  3  2  2  1  1
2  2  1  1  1  1  2  2  2  2  1  1  1  1  1  1  1  1  1  1  1  1  2  2  1  1  1  1  1  1  2  2  1  1  1  2  1  1  1  1  2  2  2  2  2  2  2  2  1  2  2  2  2  2  2  2  2  2  1  1
1  1  1  1  1  1  2  2  1  1  1  1  1  1  2  2  1  1  1  1  3  3  2  2  1  1  2  2  1  1  2  2  1  1  2  2  1  1  1  1  2  2  1  1  2  2  2  2  1  1  2  2  1  1  3  3  2  2  1  1
1  1  1  1  2  2  1  1  2  2  2  2  1  1  1  1  1  1  1  3  2  2  2  2  2  2  2  2  2  2  2  2  1  1  2  2  1  1  1  1  2  2  2  2  2  2  1  1  2  2  2  2  2  2  2  2  2  2  1  1
1  1  1  1  1  1  2  2  2  2  1  1  1  1  1  1  1  1  2  2  1  1  1  1  2  2  2  2  1  1  2  2  1  1  1  1  1  1  1  1  2  2  2  2  2  2  2  2  2  2  2  2  1  1  1  1  2  2  1  1
2  2  1  1  1  2  2  2  1  1  2  2  1  1  1  1  1  1  3  3  2  2  2  2  2  2  1  1  1  1  2  2  1  1  1  1  1  1  1  1  2  2  2  2  1  1  2  2  1  1  2  2  1  1  3  3  2  2  1  1
2  2  1  1  1  1  3  3  2  2  1  1  1  1  1  1  1  1  1  1  1  1  2  2  2  2  1  2  2  2  2  2  1  1  1  1  1  1  1  1  2  2  2  2  2  2  2  2  2  2  2  2  1  1  2  2  2  2  1  1
2  2  2  2  1  1  3  3  2  2  3  3  2  2  1  1  1  1  1  1  1  1  2  2  2  2  1  1  1  2  2  2  1  1  2  2  1  1  2  2  2  2  1  1  2  2  2  2  1  1  2  2  2  2  3  3  2  2  1  1
2  2  2  2  1  1  1  1  2  2  1  1  1  1  1  1  1  1  2  2  1  1  2  2  1  1  1  1  1  1  2  2  1  1  1  1  1  1  2  2  2  2  2  2  2  2  2  2  2  2  2  2  1  1  3  3  2  2  2  2
1  1  2  2  1  1  1  1  1  1  1  1  1  1  1  1  1  1  2  2  1  1  2  2  2  2  2  2  1  1  2  2  1  1  2  2  1  1  1  1  2  2  2  2  2  2  2  2  2  2  2  2  2  2  2  2  2  2  1  1
1  1  2  2  1  1  2  2  1  1  1  1  1  1  2  2  1  1  1  2  1  1  2  2  2  2  2  2  1  1  2  2  1  1  1  1  1  1  1  2  2  2  1  1  2  2  2  2  2  2  1  1  1  1  2  2  2  2  1  1
1  1  1  1  1  1  2  2  2  2  2  2  1  1  1  1  1  1  1  1  3  3  2  2  1  1  2  2  1  1  2  2  1  1  1  1  1  1  1  1  2  2  2  2  2  2  1  2  2  2  2  2  2  2  2  2  2  2  1  1
2  2  1  1  1  1  2  2  1  1  1  1  1  1  1  1  1  1  1  1  1  1  2  2  2  2  1  1  1  1  2  2  1  1  1  1  1  1  1  1  2  2  1  1  2  2  2  2  2  2  1  1  1  1  2  2  2  2  2  2
1  1  1  1  1  1  2  2  2  2  2  2  1  1  1  1  1  1  1  1  3  3  2  2  1  1  2  2  1  1  2  2  1  1  1  1  1  1  1  1  2  2  2  2  2  2  1  2  2  2  2  2  1  1  2  2  2  2  1  1
1  1  1  1  1  1  1  1  1  1  2  2  1  1  1  1  1  1  2  2  1  1  2  2  2  2  2  2  1  1  2  2  1  1  1  1  1  1  1  1  1  1  2  2  2  2  1  1  2  2  2  2  1  1  3  3  2  2  1  1
1  1  2  2  1  1  1  1  1  1  2  2  1  1  1  1  1  1  2  2  1  1  2  2  2  2  2  2  1  1  2  2  1  1  2  2  1  1  1  1  2  2  1  1  1  1  2  2  2  2  2  2  2  2  3  3  2  2  1  1
2  2  1  1  1  1  0  0  2  2  2  2  1  1  1  1  1  1  0  0  0  0  2  2  2  2  1  1  1  1  2  2  1  1  1  1  1  1  1  1  2  2  0  0  2  2  2  2  2  2  2  2  0  0  1  1  2  2  2  2
1  1  2  2  1  1  1  1  2  2  1  1  1  1  1  1  1  1  3  3  2  2  2  2  2  2  2  2  2  2  1  1  1  1  1  1  1  1  1  1  2  2  2  2  1  1  2  2  2  2  2  2  2  2  2  2  2  2  1  1
1  1  2  2  1  1  1  2  2  2  1  2  1  1  1  1  1  1  2  3  1  2  2  2  1  2  2  2  1  2  1  2  1  1  1  2  1  1  1  1  1  2  2  2  2  2  3  3  2  2  2  2  1  2  2  2  2  2  1  1
2  2  1  1  1  1  2  2  1  1  1  1  1  1  1  1  1  1  3  3  1  2  2  2  2  2  1  1  1  1  2  2  1  1  1  1  1  1  1  1  1  1  2  2  1  1  2  2  2  2  2  2  1  1  1  1  2  2  1  1
1  2  2  2  1  1  1  1  1  1  3  3  2  2  1  1  1  1  3  3  1  1  2  2  2  2  1  2  1  1  2  2  1  1  1  1  2  2  1  1  2  2  1  1  1  1  2  2  2  2  2  2  1  1  2  2  2  2  1  1
1  1  1  2  1  1  1  1  2  2  1  3  1  2  1  1  1  1  1  2  1  2  2  2  2  2  2  2  1  1  2  2  1  1  1  1  1  1  1  1  2  2  1  2  2  2  2  2  2  2  2  2  2  2  2  2  2  2  1  1
1  1  1  1  1  1  1  1  2  2  2  2  1  1  1  1  1  1  1  1  2  2  2  2  2  2  2  2  1  1  2  2  1  1  1  1  3  3  1  1  2  2  1  1  2  2  1  1  1  1  2  2  2  2  3  3  2  2  1  1
1  1  2  2  1  1  2  2  2  2  2  2  1  1  1  1  1  1  2  2  2  2  2  2  2  2  2  2  1  1  2  2  1  2  1  1  1  1  1  1  2  2  2  2  2  2  2  2  2  2  2  2  1  1  3  3  2  2  2  2
1  1  2  2  1  1  1  1  2  2  1  1  1  1  1  1  1  1  2  2  2  2  2  2  1  1  2  2  1  1  1  1  1  1  1  1  1  1  1  1  2  2  2  2  2  2  2  2  1  1  2  2  2  2  3  3  2  2  1  1
1  1  1  1  1  1  2  2  2  2  3  3  2  2  1  1  1  1  1  1  1  1  2  2  2  2  2  2  1  1  2  2  1  1  1  1  1  1  2  2  2  2  2  2  2  2  2  2  2  2  2  2  2  2  3  3  2  2  1  1
1  1  2  2  1  1  1  1  2  2  2  2  1  1  1  1  1  1  2  2  1  1  2  2  1  1  2  2  1  1  2  2  1  1  2  2  1  1  1  1  2  2  2  2  2  2  3  3  2  2  2  2  1  1  3  3  2  2  1  1
2  2  2  2  1  1  1  1  2  2  1  1  1  1  1  1  1  1  2  2  1  1  2  2  2  2  1  1  1  1  2  2  1  1  2  2  1  1  1  1  2  2  2  2  2  2  2  2  1  1  2  2  1  1  3  3  2  2  1  1
1  1  1  1  1  1  2  2  1  1  2  2  1  1  1  1  1  1  1  3  2  2  2  2  2  2  2  2  1  1  2  2  1  1  1  1  1  1  2  2  2  2  1  1  1  1  2  2  2  2  2  2  1  1  3  3  2  2  1  1
2  2  1  1  1  1  1  1  2  2  1  1  1  1  1  1  1  1  2  2  1  1  2  2  2  2  1  1  1  1  2  2  1  1  1  1  1  1  1  1  2  2  1  1  2  2  2  2  1  1  2  2  2  2  2  2  2  2  2  2
2  2  1  1  1  1  1  1  2  2  2  2  1  1  1  1  1  1  2  2  2  2  2  2  1  1  1  1  0  0  2  2  0  0  1  1  1  1  2  2  2  2  1  1  1  1  2  2  2  2  2  2  1  1  3  3  2  2  2  2
1  1  1  1  1  1  1  1  1  1  1  1  1  1  1  1  1  1  1  1  3  3  2  2  2  2  0  0  0  0  2  2  0  0  1  1  1  1  1  1  2  2  2  2  1  1  2  2  1  2  2  2  2  2  2  2  2  2  1  1
1  1  2  2  1  1  1  1  1  1  1  1  1  1  1  1  1  1  2  2  2  2  2  2  2  2  2  2  1  1  2  2  0  0  2  2  1  1  1  1  2  2  2  2  2  2  2  2  2  2  2  2  1  1  3  3  2  2  1  1
2  2  2  2  1  1  1  1  2  2  2  2  1  1  1  1  1  1  2  2  2  2  2  2  2  2  1  1  2  2  2  2  0  0  2  2  1  1  1  1  1  1  2  2  2  2  2  2  2  2  2  2  1  1  1  1  2  2  1  1
1  1  1  1  1  1  2  2  1  1  1  1  1  1  1  1  1  1  1  2  3  3  2  2  1  1  1  2  2  2  2  2  1  1  1  2  1  1  2  2  2  2  2  2  2  2  2  2  2  2  2  2  2  2  3  3  2  2  1  1
1  2  2  2  1  1  2  2  2  2  2  2  1  1  1  1  1  1  2  2  1  1  2  2  1  1  1  2  1  1  2  2  1  1  1  1  1  1  1  1  2  2  2  2  2  2  2  2  2  2  2  2  1  1  3  3  2  2  1  1
1  2  2  2  1  1  1  1  1  1  1  1  1  1  1  1  1  1  1  1  2  2  1  1  1  1  1  2  1  1  2  2  1  1  1  2  1  1  1  1  2  2  1  1  1  1  2  2  2  2  2  2  1  1  3  3  2  2  1  1
1  1  1  1  1  1  1  2  2  2  1  1  1  1  1  1  1  1  2  2  1  1  1  1  2  2  2  2  1  1  2  2  1  1  1  1  1  1  1  1  2  2  1  2  1  1  2  2  1  1  2  2  1  1  2  2  2  2  2  2
1  1  2  2  1  1  2  2  1  1  1  1  1  1  1  1  1  1  2  2  2  2  2  2  2  2  2  2  2  2  2  2  2  2  2  2  1  1  1  1  2  2  2  2  1  1  2  2  1  1  2  2  2  2  2  3  2  2  1  1
1  1  1  1  1  1  2  2  1  1  1  2  1  1  1  1  1  1  1  1  3  3  2  2  2  2  2  2  1  1  1  1  1  1  1  1  1  1  1  1  2  2  2  2  2  2  2  2  2  2  2  2  1  1  2  2  2  2  1  1
1  1  2  2  1  1  2  2  2  2  3  3  2  2  1  1  1  1  2  2  1  1  2  2  2  2  2  2  1  1  2  2  1  1  1  1  1  1  1  1  1  1  2  2  2  2  2  2  1  2  2  2  1  1  3  3  2  2  1  1
1  1  2  2  1  1  2  2  1  1  1  1  1  1  1  1  1  1  1  1  2  2  2  2  2  2  2  2  1  1  2  2  1  1  1  1  1  1  1  1  2  2  2  2  1  1  2  2  1  1  2  2  2  2  2  2  2  2  1  1
1  1  1  1  1  1  1  1  1  1  1  1  1  1  1  1  1  1  2  2  2  3  2  2  2  2  2  2  1  1  2  2  1  1  2  2  1  1  1  1  1  2  2  2  1  2  2  2  2  2  2  2  2  2  1  1  2  2  1  1
1  1  1  1  1  1  1  1  2  2  2  2  1  1  1  1  1  1  2  2  1  1  2  2  2  2  2  2  1  1  2  2  1  1  2  2  1  1  1  1  2  2  2  2  2  2  3  3  1  1  2  2  1  1  3  3  2  2  1  1
2  2  2  2  1  1  2  2  2  2  2  2  1  1  1  1  1  1  2  2  1  1  1  1  1  1  1  1  1  1  2  2  1  1  1  1  2  2  1  1  2  2  2  2  2  2  2  2  2  2  2  2  1  1  3  3  2  2  2  2
1  1  1  1  1  1  1  1  1  1  2  2  1  1  1  1  1  1  1  2  1  1  2  2  2  2  2  2  1  1  2  2  2  2  1  1  1  1  1  1  2  2  2  2  2  2  2  2  1  1  2  2  2  2  2  2  2  2  1  1
2  2  1  1  1  1  1  1  1  1  1  1  1  1  1  1  1  1  2  2  2  2  2  2  1  2  1  1  1  1  2  2  2  2  2  2  1  1  1  1  2  2  1  1  1  1  2  2  2  2  2  2  2  2  3  3  2  2  1  1
2  2  2  2  1  1  1  1  1  1  1  1  1  1  2  2  1  1  3  3  3  3  2  2  1  1  1  1  1  1  2  2  1  1  1  1  1  1  1  1  1  1  1  1  2  2  2  2  2  2  1  1  1  1  1  1  2  2  1  1
1  1  2  2  1  1  1  1  1  1  1  1  1  1  1  1  1  1  2  2  1  1  2  2  2  2  2  2  2  2  2  2  2  2  2  2  1  1  1  1  2  2  2  2  2  2  2  2  2  2  2  2  2  2  2  2  2  2  1  1
1  1  2  2  1  1  2  2  2  2  1  1  1  1  1  1  1  1  1  1  2  2  2  2  1  1  2  2  1  1  2  2  1  1  1  1  1  1  1  1  2  2  2  2  1  1  2  2  1  1  2  2  2  2  3  3  2  2  1  1
1  1  1  1  1  1  1  1  2  2  1  1  1  1  1  1  1  1  2  2  1  1  2  2  2  2  2  2  1  1  2  2  1  1  1  1  1  1  1  1  2  2  1  1  1  1  2  2  1  1  2  2  1  1  2  2  2  2  2  2
1  1  1  1  1  1  2  2  1  2  1  1  1  1  1  1  1  1  1  1  1  1  2  2  2  2  2  2  1  1  2  2  1  1  1  1  1  1  2  2  2  2  1  1  2  2  2  2  1  1  2  2  1  1  3  3  2  2  2  2
1  1  2  2  1  1  2  2  2  2  2  2  1  1  1  1  1  1  1  1  1  1  2  2  2  2  2  2  1  1  2  2  1  1  1  1  1  1  2  2  2  2  2  2  0  0  2  2  1  1  2  2  1  1  3  3  2  2  1  1
2  2  1  1  1  1  1  1  1  2  2  2  1  1  1  1  1  1  1  2  1  1  2  2  1  2  1  1  1  1  2  2  1  1  1  1  1  1  1  1  2  2  2  2  1  2  2  2  1  1  2  2  2  2  3  3  2  2  1  1
1  1  2  2  1  1  1  1  1  1  3  3  2  2  1  1  1  1  2  2  1  1  2  2  2  2  2  2  1  1  2  2  1  1  1  1  2  2  1  1  2  2  1  1  1  1  2  2  2  2  2  2  1  1  2  2  2  2  1  1
2  2  1  2  1  1  2  2  1  1  1  1  1  1  1  1  1  1  1  1  3  3  2  2  2  2  1  1  1  1  1  1  1  1  2  2  1  1  1  1  2  2  1  1  2  2  2  2  2  2  2  2  1  1  2  2  2  2  1  1
1  1  1  1  1  1  2  2  2  2  1  1  1  1  1  1  1  1  1  1  2  2  2  2  2  2  2  2  2  2  2  2  1  1  1  1  1  1  1  1  2  2  2  2  2  2  3  3  2  2  1  1  1  1  1  1  2  2  1  1
2  2  2  2  1  1  2  2  2  2  2  2  1  1  1  1  1  1  2  2  2  2  2  2  1  1  1  1  1  1  2  2  1  1  2  2  1  1  1  1  2  2  2  2  2  2  2  2  1  1  2  2  2  2  2  3  2  2  1  1
1  1  2  2  1  1  1  1  1  1  1  1  1  1  1  1  1  1  2  2  2  2  2  2  2  2  2  2  2  2  2  2  2  2  1  1  1  1  1  1  2  2  3  3  2  2  2  2  2  2  2  2  1  1  2  2  2  2  2  2
2  2  1  1  1  1  2  2  1  1  2  2  1  1  1  1  1  1  2  2  3  3  1  1  2  2  1  1  1  1  2  2  1  1  1  1  1  1  1  1  2  2  1  1  2  2  1  1  2  2  1  1  1  1  3  3  2  2  1  1
1  1  2  2  1  1  2  2  2  2  2  2  1  1  1  1  1  1  1  1  1  1  2  2  1  1  2  2  2  2  2  2  1  1  1  1  1  1  1  1  2  2  2  2  2  2  1  1  1  2  2  2  2  2  2  2  2  2  1  1
2  2  1  1  1  1  2  2  1  1  2  2  1  1  1  1  1  1  2  2  2  2  1  1  2  2  1  1  2  2  2  2  1  1  1  1  1  1  1  1  1  1  1  1  2  2  3  3  2  2  2  2  1  1  3  3  2  2  1  1
1  1  1  1  1  1  2  2  1  1  1  1  1  1  1  1  1  1  1  1  1  1  2  2  1  1  2  2  1  1  2  2  1  1  1  1  1  1  1  1  1  1  2  2  2  2  1  1  1  1  2  2  1  1  3  3  2  2  1  1
1  1  1  1  1  1  2  2  1  1  2  2  1  1  1  1  1  1  1  1  2  2  2  2  2  2  2  2  1  1  2  2  2  2  1  1  1  1  1  1  2  2  2  2  2  2  2  2  1  1  2  2  2  2  2  2  2  2  1  1
1  1  2  2  1  1  1  1  2  2  2  2  1  1  1  1  1  1  2  2  1  1  2  2  2  2  2  2  1  1  2  2  1  1  1  1  3  3  1  1  2  2  1  1  2  2  2  2  2  2  2  2  1  1  3  3  2  2  1  1
1  1  1  2  1  1  1  1  2  2  3  3  2  2  1  1  1  1  1  1  1  1  2  2  2  2  2  2  1  1  2  2  1  1  1  1  1  1  1  1  2  2  2  2  2  2  2  2  2  2  2  2  2  2  1  2  2  2  1  1
2  2  1  1  1  1  2  2  2  2  3  3  2  2  1  1  1  1  2  2  2  2  2  2  2  2  1  1  2  2  2  2  1  1  1  1  1  2  1  1  2  2  2  2  2  2  2  2  2  2  2  2  2  2  1  1  2  2  1  1
1  1  1  1  1  1  2  2  1  1  1  1  1  1  1  1  1  1  3  3  1  1  1  1  2  2  2  2  1  1  2  2  1  1  2  2  1  1  1  1  2  2  2  2  2  2  2  2  2  2  2  2  2  2  2  2  2  2  1  1
1  1  2  2  1  1  1  1  2  2  1  1  1  1  1  1  1  1  1  1  1  1  1  1  1  1  2  2  1  1  1  1  1  1  2  2  1  1  1  1  2  2  2  2  1  2  2  2  2  2  2  2  1  1  3  3  2  2  1  1
2  2  1  1  1  1  2  2  2  2  3  3  2  2  1  1  1  1  2  2  2  2  2  2  2  2  1  1  2  2  2  2  1  1  1  1  1  1  1  1  1  1  2  2  1  2  2  2  2  2  2  2  2  2  1  1  2  2  1  1
1  1  1  2  1  1  2  2  1  1  2  2  1  1  1  1  1  1  2  2  1  1  2  2  1  1  2  2  1  1  2  2  1  1  1  1  1  1  1  1  2  2  1  1  2  2  2  2  1  1  1  1  1  1  3  3  2  2  1  1
1  1  2  2  1  1  1  1  1  1  2  3  1  2  1  1  1  1  2  2  1  1  2  2  2  2  2  2  1  1  2  2  1  1  1  1  1  1  2  2  2  2  1  1  2  2  2  3  1  1  2  2  2  2  3  3  2  2  1  1
1  2  2  2  1  1  2  2  1  1  1  1  1  1  1  1  1  1  2  2  2  2  2  2  2  2  1  2  1  1  2  2  1  1  1  1  2  2  1  1  2  2  1  1  1  1  2  2  2  2  2  2  1  1  2  2  2  2  1  1
2  2  2  2  1  1  2  2  2  2  1  1  1  1  1  1  1  1  1  1  1  1  2  2  2  2  1  1  1  1  1  1  1  1  1  1  1  1  1  1  2  2  2  2  1  1  1  1  2  2  2  2  1  1  3  3  2  2  2  2
1  2  1  1  1  1  2  2  1  1  1  1  1  1  1  1  1  1  3  3  1  1  1  1  1  1  2  2  1  1  2  2  1  1  2  2  1  1  2  2  2  2  2  2  2  2  2  2  2  2  2  2  1  1  2  2  2  2  1  1
1  1  2  2  1  1  2  2  2  2  1  1  1  1  1  1  1  1  2  2  2  2  1  1  2  2  2  2  1  1  2  2  1  1  1  1  2  2  1  1  2  2  2  2  1  1  2  2  2  2  2  2  2  2  3  3  2  2  1  1
2  2  1  1  1  1  1  1  1  1  1  1  1  1  1  1  1  1  1  1  1  1  1  1  1  1  1  1  2  2  2  2  1  1  1  1  1  1  1  1  2  2  2  2  2  2  2  2  2  2  1  1  2  2  3  3  2  2  1  1
1  1  2  2  1  1  2  2  2  2  2  2  1  1  1  1  1  1  2  2  1  1  2  2  2  2  2  2  1  1  1  1  1  1  2  2  1  1  1  1  2  2  2  2  2  2  1  1  2  2  2  2  2  2  2  2  2  2  1  1
1  1  2  2  1  1  2  2  2  2  2  2  1  1  1  1  1  1  2  2  1  1  2  2  2  2  2  2  1  1  1  1  1  1  2  2  1  1  1  1  2  2  2  2  2  2  1  1  2  2  2  2  2  2  2  2  2  2  1  1
2  2  1  1  1  1  1  1  1  1  3  3  2  2  1  1  1  1  1  1  3  3  2  2  2  2  1  1  1  1  2  2  1  1  1  1  1  1  1  1  2  2  1  1  2  2  2  2  1  1  2  2  1  1  2  2  2  2  1  1
1  2  2  2  1  1  1  2  1  2  2  2  1  1  1  1  1  1  2  2  1  1  2  2  1  2  2  2  1  1  2  2  1  1  1  1  1  1  1  1  2  2  2  2  1  2  1  2  1  2  1  2  1  1  2  3  2  2  1  1
1  1  2  2  1  1  2  2  2  2  2  2  1  1  1  1  1  1  2  2  1  1  2  2  2  2  2  2  1  1  2  2  1  1  2  2  1  1  1  1  2  2  2  2  2  2  1  1  2  2  2  2  2  2  2  2  2  2  1  1
1  1  2  2  1  1  1  1  2  2  1  1  1  1  1  1  1  1  1  1  3  3  2  2  2  2  2  2  1  1  2  2  1  1  2  2  1  1  2  2  2  2  2  2  2  2  2  2  2  2  2  2  2  2  3  3  2  2  1  1
2  2  1  1  1  1  1  1  2  2  1  1  1  1  1  1  1  1  2  2  1  1  2  2  2  2  1  1  1  1  1  1  1  1  1  1  1  1  1  1  2  2  1  1  2  2  2  2  2  2  2  2  1  1  3  3  2  2  1  1
1  2  1  2  1  1  1  1  2  2  2  2  1  1  1  1  1  1  2  2  2  3  2  2  1  2  1  2  1  1  2  2  1  1  1  1  1  1  1  2  2  2  2  2  1  2  2  2  2  2  2  2  1  2  3  3  2  2  1  1
1  2  2  2  1  1  1  1  2  2  1  2  1  1  1  1  1  1  2  2  3  3  2  2  2  2  1  2  1  1  2  2  1  1  1  1  1  1  1  1  2  2  2  2  2  2  2  2  2  2  2  2  2  2  2  2  2  2  1  1
1  1  1  1  1  1  1  1  1  1  1  1  1  1  1  1  1  1  3  3  3  3  2  2  2  2  2  2  1  1  2  2  1  1  2  2  1  1  2  2  1  1  2  2  2  2  2  2  1  1  2  2  2  2  2  2  2  2  1  1
1  1  2  2  1  1  2  2  1  1  2  2  1  1  1  1  1  1  2  2  3  3  2  2  1  1  2  2  1  1  2  2  1  1  2  2  2  2  1  1  1  1  2  2  2  2  2  2  2  2  2  2  1  1  2  2  2  2  1  1
1  1  2  2  1  1  2  2  2  2  2  2  1  1  1  1  1  1  2  2  1  1  2  2  2  2  2  2  1  1  1  1  1  1  2  2  1  1  1  1  2  2  2  2  2  2  1  1  2  2  2  2  2  2  2  2  2  2  1  1
1  1  2  2  1  1  1  1  2  2  1  1  1  1  1  1  1  1  2  2  1  1  1  1  1  1  2  2  1  1  1  1  1  1  2  2  1  1  1  1  2  2  2  2  2  2  2  2  2  2  2  2  2  2  3  3  2  2  1  1
1  1  2  2  1  1  2  2  2  2  2  2  1  1  1  1  1  1  2  3  1  2  2  2  1  2  2  2  1  1  1  1  1  1  1  2  1  1  1  1  2  2  2  2  2  2  1  2  2  2  2  2  2  2  2  2  2  2  1  1
1  1  2  2  1  1  2  2  2  2  2  2  1  1  1  1  1  1  2  2  1  1  2  2  2  2  2  2  1  1  1  1  1  1  2  2  1  1  1  1  2  2  2  2  2  2  1  1  2  2  2  2  2  2  2  2  2  2  1  1
1  1  1  2  1  1  1  1  2  2  2  2  1  1  1  1  1  1  2  2  1  2  2  2  1  2  2  2  1  1  2  2  1  1  2  2  1  1  1  1  2  2  2  2  2  2  2  2  1  2  2  2  1  2  3  3  2  2  1  1
1  1  2  2  1  1  1  3  1  2  1  2  1  1  1  1  1  1  1  1  2  2  2  2  1  1  2  2  2  2  2  2  1  1  2  2  1  1  1  1  2  2  1  1  2  2  2  2  2  2  2  2  1  1  3  3  2  2  1  1
1  1  2  2  1  1  1  1  2  2  1  1  1  1  1  1  1  1  1  1  1  1  2  2  1  1  2  2  2  2  2  2  1  1  1  1  1  1  1  1  2  2  2  2  2  2  2  2  1  1  2  2  1  1  3  3  2  2  2  2
1  1  2  2  1  1  2  2  2  2  2  2  1  1  1  1  1  1  2  2  1  1  2  2  2  2  2  2  1  1  1  1  1  1  2  2  1  1  1  1  2  2  2  2  2  2  1  1  2  2  2  2  2  2  2  2  2  2  1  1
1  1  2  2  1  1  2  2  2  2  2  2  1  1  1  1  1  1  2  2  1  1  2  2  2  2  2  2  1  1  1  1  1  1  2  2  1  1  1  1  2  2  2  2  2  2  1  1  2  2  2  2  2  2  2  2  2  2  1  1
1  1  1  1  1  1  2  2  1  1  1  1  1  1  1  1  1  1  1  1  1  1  2  2  2  2  2  2  1  1  2  2  1  1  2  2  1  1  1  1  1  1  1  1  1  1  2  2  2  2  2  2  2  2  3  3  2  2  1  1
1  1  2  2  1  1  1  2  2  2  2  2  1  1  1  1  1  1  2  2  1  1  2  2  2  2  2  2  1  1  1  2  1  1  1  2  1  1  1  1  2  2  2  2  2  2  1  1  2  2  2  2  2  2  2  2  2  2  1  1
1  1  2  2  1  1  2  2  2  2  2  2  1  1  1  1  1  1  1  3  2  2  2  2  1  1  2  2  2  2  2  2  1  1  1  2  1  1  1  1  2  2  1  1  1  1  2  2  2  2  2  2  1  1  2  3  2  2  1  1
2  2  2  2  1  1  2  2  2  2  2  2  1  1  1  1  1  1  2  2  2  2  2  2  2  2  1  1  1  1  2  2  1  1  1  1  1  1  1  1  2  2  1  1  2  2  2  2  2  2  2  2  2  2  2  2  2  2  2  2
1  1  1  1  2  2  2  2  2  2  2  2  1  1  1  1  1  1  2  2  1  1  2  2  2  2  2  2  1  1  1  1  1  1  2  2  1  1  1  1  2  2  2  2  2  2  2  2  2  2  2  2  1  1  2  2  2  2  1  1
2  2  2  2  1  1  1  2  1  1  2  2  1  1  1  1  1  1  2  2  3  3  2  2  2  2  1  1  2  2  2  2  1  1  1  1  1  1  1  1  2  2  1  1  1  2  2  3  1  2  2  2  1  1  3  3  2  2  1  1
1  1  1  1  1  1  1  1  2  2  1  1  1  1  1  1  1  1  2  2  1  1  2  2  1  1  2  2  1  1  2  2  1  1  1  1  1  1  1  1  2  2  2  2  1  1  2  2  2  2  2  2  1  1  3  3  2  2  2  2
1  1  2  2  1  1  2  2  2  2  1  1  1  1  1  1  1  1  1  1  1  1  2  2  2  2  2  2  1  1  2  2  1  1  1  1  3  3  1  1  2  2  2  2  2  2  2  2  1  1  2  2  2  2  2  2  2  2  1  1
1  1  1  1  1  1  1  1  2  2  1  1  1  1  1  1  1  1  2  2  1  1  2  2  2  2  2  2  1  1  1  1  1  1  1  1  1  1  1  1  2  2  1  1  2  2  2  2  1  1  2  2  1  1  2  2  2  2  2  2
1  1  2  2  1  1  1  1  1  1  1  1  1  1  1  1  1  1  3  3  2  2  2  2  2  2  2  2  2  2  2  2  1  1  2  2  1  1  1  1  1  1  2  2  1  1  2  2  1  1  1  1  1  1  2  2  2  2  1  1
1  1  1  1  1  1  3  3  1  1  2  2  1  1  1  1  1  1  1  1  1  1  2  2  1  1  2  2  1  1  2  2  1  1  1  1  1  1  1  1  2  2  2  2  1  1  2  2  1  1  2  2  1  1  3  3  2  2  1  1
2  2  2  2  1  1  1  1  2  2  2  2  1  1  1  1  1  1  2  2  1  1  2  2  2  2  1  1  1  1  2  2  1  1  1  1  1  1  1  1  2  2  2  2  2  2  2  2  2  2  2  2  2  2  2  2  2  2  2  2
1  1  1  1  1  1  1  1  2  2  2  2  1  1  1  1  1  1  1  1  1  2  2  2  2  2  2  2  1  1  2  2  1  1  2  2  1  1  1  1  2  2  1  2  1  1  2  2  2  2  2  2  1  1  1  1  2  2  1  1
2  2  2  2  1  1  1  1  2  2  2  2  1  1  1  1  1  1  2  2  2  2  2  2  2  2  1  1  1  1  2  2  1  1  1  1  1  1  1  1  2  2  2  2  2  2  2  2  2  2  2  2  2  2  2  2  2  2  2  2
2  2  2  2  1  1  2  2  1  1  2  2  1  1  1  1  1  1  2  2  3  3  2  2  2  2  1  1  1  1  2  2  1  1  1  1  1  1  1  1  2  2  2  2  2  2  2  2  2  2  2  2  1  1  3  3  2  2  1  1
1  1  1  1  1  1  1  1  2  2  1  1  1  1  1  1  1  1  2  2  1  1  2  2  2  2  2  2  1  1  1  1  1  1  1  1  1  1  1  1  2  2  1  1  2  2  2  2  1  1  2  2  1  1  2  2  2  2  2  2
1  1  2  2  1  1  2  2  2  2  2  2  1  1  1  1  1  1  2  2  1  1  2  2  2  2  2  2  1  1  1  1  1  1  2  2  1  1  1  1  2  2  2  2  2  2  1  1  2  2  2  2  2  2  2  2  2  2  1  1
1  2  1  1  1  1  2  2  1  2  2  2  1  1  1  1  1  1  2  2  2  3  2  2  1  1  2  2  1  1  2  2  1  1  1  2  1  1  1  1  2  2  2  2  2  2  2  2  2  2  2  2  1  2  2  2  2  2  1  1
2  2  1  1  1  1  2  2  1  1  2  2  1  1  1  1  1  1  2  2  1  1  2  2  2  2  1  1  2  2  2  2  2  2  1  1  1  1  1  1  2  2  1  1  2  2  2  2  2  2  2  2  1  1  3  3  2  2  2  2
1  1  2  2  1  1  1  1  1  1  2  2  1  1  1  1  1  1  2  2  3  3  0  0  0  0  2  2  1  1  2  2  1  1  2  2  1  1  1  1  2  2  2  2  1  1  2  2  2  2  1  1  2  2  0  0  2  2  1  1
1  1  2  2  1  1  1  1  2  2  2  2  1  1  1  1  1  1  2  2  2  2  0  0  0  0  2  2  0  0  2  2  1  1  2  2  1  1  1  1  2  2  1  1  1  1  2  2  2  2  2  2  1  1  0  0  2  2  1  1
1  1  1  1  1  1  2  2  2  2  1  1  1  1  1  1  1  1  2  2  2  2  2  2  2  2  2  2  2  2  2  2  1  1  2  2  1  1  1  1  2  2  2  2  2  2  2  2  1  1  2  2  2  2  3  3  2  2  2  2
1  1  2  2  1  1  2  2  1  2  1  1  1  1  1  1  1  1  3  3  1  1  2  2  2  2  2  2  1  1  1  2  1  1  2  2  1  3  1  1  2  2  2  2  2  2  2  2  1  1  2  2  1  2  0  0  2  2  1  1
2  2  2  2  1  1  2  2  1  1  2  2  1  1  1  1  1  1  3  3  2  2  2  2  2  2  1  1  1  1  1  1  1  1  2  2  1  1  1  1  2  2  3  3  2  2  1  1  1  1  2  2  1  1  2  2  2  2  1  1
1  1  2  2  1  1  2  2  2  2  2  2  1  1  1  1  1  1  3  3  1  1  2  2  2  2  2  2  1  1  2  2  1  1  1  1  1  1  1  1  2  2  1  1  1  1  2  2  2  2  2  2  2  2  3  3  2  2  2  2
1  2  1  2  1  1  2  2  1  2  1  3  1  1  1  1  1  1  2  2  2  2  1  2  1  2  1  2  1  1  2  2  1  1  1  2  1  3  1  2  2  2  1  2  1  2  2  2  1  2  2  2  1  2  3  3  2  2  1  1
1  1  2  2  1  1  1  1  2  2  1  1  1  1  1  1  1  1  2  2  1  1  2  2  1  1  2  2  1  1  2  2  1  1  1  1  1  1  1  1  2  2  2  2  1  1  2  2  2  2  2  2  1  1  3  3  2  2  2  2
1  1  2  2  1  1  2  2  2  2  2  2  1  1  1  1  1  1  1  1  2  2  2  2  1  1  2  2  2  2  2  2  1  1  2  2  1  1  1  1  2  2  1  1  1  1  2  2  2  2  2  2  1  1  3  3  2  2  1  1
2  2  2  2  1  1  1  1  2  2  1  1  1  1  1  1  1  1  2  2  1  1  2  2  1  1  1  1  1  1  1  1  1  1  2  2  1  1  2  2  2  2  1  2  2  2  2  2  2  2  2  2  2  2  3  3  2  2  1  1
2  2  2  2  1  1  2  2  1  1  2  2  1  1  1  1  1  1  2  2  3  3  2  2  2  2  1  1  1  1  2  2  1  1  1  1  1  1  1  1  2  2  2  2  2  2  2  2  2  2  2  2  1  1  3  3  2  2  1  1
1  1  1  1  1  1  1  1  2  2  1  1  1  1  1  1  1  1  2  2  1  1  2  2  2  2  2  2  1  1  1  1  1  1  1  1  1  1  1  1  2  2  1  1  2  2  2  2  1  1  2  2  1  1  2  2  2  2  2  2
1  1  1  1  1  1  1  1  2  2  2  2  1  1  1  1  1  1  1  1  1  1  2  2  1  1  2  2  1  1  2  2  1  1  1  1  1  1  1  1  2  2  1  1  2  2  2  2  2  2  2  2  1  1  2  2  2  2  1  1
1  1  1  1  1  1  3  3  1  1  2  2  1  1  1  1  1  1  1  1  1  1  2  2  1  1  2  2  1  1  2  2  1  1  1  1  1  1  1  1  2  2  2  2  1  1  2  2  1  1  2  2  1  1  3  3  2  2  1  1
2  2  1  1  1  1  2  2  2  2  2  2  1  1  1  1  1  1  1  1  3  3  2  2  2  2  1  1  2  2  2  2  1  1  1  1  1  1  1  1  2  2  2  2  2  2  2  2  2  2  2  2  1  1  3  3  2  2  1  1
1  1  1  1  1  1  1  1  2  2  1  1  1  1  1  1  1  1  2  2  1  1  2  2  2  2  2  2  1  1  1  1  1  1  1  1  1  1  1  1  2  2  1  1  2  2  2  2  1  1  2  2  1  1  2  2  2  2  2  2
1  1  2  2  1  1  1  1  2  2  1  1  1  1  1  1  1  1  2  2  1  1  2  2  0  0  2  2  1  1  2  2  1  1  2  2  1  1  1  1  2  2  2  2  1  1  2  2  2  2  2  2  1  1  3  3  2  2  1  1
1  1  1  1  1  1  1  1  1  1  2  2  1  1  1  1  1  1  2  2  1  1  2  2  2  2  2  2  1  1  2  2  1  1  1  1  2  2  1  1  1  1  2  2  1  1  3  3  2  2  2  2  1  1  3  3  2  2  1  1
2  2  1  1  1  1  1  1  2  2  1  1  1  1  1  1  1  1  2  2  1  1  2  2  2  2  1  1  1  1  1  1  1  1  1  1  1  1  1  1  2  2  1  1  2  2  2  2  1  1  2  2  1  1  2  2  2  2  2  2
1  1  2  2  1  1  1  1  2  2  2  2  1  1  1  1  1  1  2  2  1  1  2  2  1  1  2  2  1  1  2  2  1  1  1  1  1  1  1  1  2  2  2  2  2  2  2  2  2  2  2  2  1  1  3  3  2  2  2  2
2  2  1  1  1  1  1  1  2  2  1  1  1  1  1  1  1  1  2  2  1  1  2  2  1  1  1  1  1  1  1  1  1  1  2  2  1  1  1  1  2  2  2  2  2  2  2  2  1  2  2  2  2  2  3  3  2  2  1  1
2  2  2  2  1  1  1  1  2  2  1  1  1  1  1  1  1  1  1  1  3  3  1  1  2  2  1  1  1  1  2  2  1  1  1  1  1  1  1  1  2  2  2  2  1  1  2  2  2  2  2  2  1  1  2  2  2  2  1  1
1  1  1  1  1  1  1  1  2  2  1  1  1  1  1  1  1  1  2  2  1  1  2  2  2  2  2  2  1  1  1  1  1  1  1  1  1  1  1  1  2  2  1  1  2  2  2  2  1  1  2  2  1  1  2  2  2  2  1  1
1  1  1  1  1  1  3  3  1  1  2  2  1  1  1  1  1  1  1  1  1  1  2  2  0  0  2  2  1  1  2  2  1  1  1  1  1  1  1  1  2  2  2  2  1  1  2  2  1  1  2  2  1  1  3  3  2  2  1  1
1  1  2  2  1  1  1  1  2  2  1  1  1  1  1  1  1  1  2  2  1  1  2  2  0  0  2  2  1  1  2  2  1  1  1  1  1  1  1  1  2  2  2  2  1  1  2  2  2  2  2  2  1  1  3  3  2  2  2  2
2  2  1  1  1  1  1  1  2  2  2  2  1  1  1  1  1  1  2  2  2  2  2  2  0  0  1  1  1  1  2  2  1  1  1  1  1  1  1  1  2  2  1  1  2  2  2  2  1  1  2  2  1  1  0  0  2  2  1  1
1  1  2  2  1  1  1  1  2  2  1  1  1  1  1  1  1  1  2  2  1  1  2  2  0  0  2  2  1  1  2  2  1  1  2  2  1  1  1  1  2  2  2  2  2  2  2  2  2  2  2  2  1  1  3  3  2  2  1  1
2  2  2  2  1  1  1  1  2  2  2  2  1  1  1  1  1  1  2  2  2  2  2  2  0  0  2  2  1  1  2  2  1  1  1  1  1  1  1  1  2  2  1  1  2  2  2  2  2  2  2  2  2  2  0  0  2  2  0  0
1  1  2  2  1  1  0  0  2  2  2  2  1  1  1  1  1  1  2  2  3  3  0  0  0  0  2  2  1  1  2  2  1  1  2  2  1  1  1  1  2  2  2  2  1  2  0  0  2  2  2  2  2  2  0  0  2  2  1  1
2  2  1  1  1  1  1  1  1  1  2  2  1  1  1  1  1  1  2  2  2  2  2  2  1  1  1  1  1  1  2  2  1  1  2  2  1  1  2  2  2  2  2  2  2  2  2  2  1  1  1  1  1  1  3  3  2  2  2  2
2  2  1  1  1  1  1  1  2  2  1  1  1  1  1  1  1  1  2  2  1  1  2  2  0  0  1  1  1  1  1  1  1  1  1  1  1  1  1  1  2  2  1  1  2  2  2  2  1  1  2  2  1  1  2  2  2  2  2  2
2  2  1  1  1  1  1  1  2  2  1  1  1  1  1  1  1  1  2  2  1  1  2  2  0  0  1  1  1  1  1  1  1  1  1  1  1  1  1  1  2  2  1  1  2  2  2  2  1  1  2  2  1  1  2  2  2  2  1  1
1  1  2  2  1  1  2  2  2  2  1  1  1  1  1  1  1  1  2  2  3  3  2  2  0  0  2  2  1  1  1  1  1  1  2  2  2  2  1  1  1  1  2  2  2  2  2  2  2  2  2  2  1  1  2  2  2  2  1  1
1  1  1  1  1  1  2  2  2  2  2  2  1  1  1  1  1  1  1  1  3  3  2  2  0  0  2  2  1  1  2  2  1  1  1  1  1  1  1  1  2  2  2  2  1  1  2  2  2  2  2  2  1  1  3  3  2  2  1  1
1  1  2  2  1  1  1  1  2  2  1  1  1  1  1  1  1  1  2  2  1  1  2  2  2  2  2  2  1  1  2  2  1  1  2  2  2  2  1  1  2  2  2  2  1  1  2  2  2  2  2  2  1  1  3  3  2  2  1  1
1  1  1  1  1  1  1  1  2  2  1  1  1  1  1  1  1  1  2  2  1  1  2  2  0  0  2  2  1  1  2  2  1  1  1  1  1  1  1  1  2  2  2  2  1  1  2  2  2  2  2  2  1  1  3  3  2  2  2  2
1  1  2  2  1  1  1  1  2  2  1  2  1  1  1  1  1  1  2  2  1  1  2  2  1  1  2  2  1  1  2  2  1  1  1  1  1  1  1  1  2  2  2  2  1  1  2  2  2  2  2  2  1  1  3  3  2  2  2  2
1  1  2  2  1  1  1  1  1  1  2  2  1  1  1  1  1  1  2  2  1  1  1  1  1  1  2  2  1  1  1  1  1  1  2  2  1  1  2  2  2  2  2  2  1  1  2  2  2  2  2  2  1  1  3  3  2  2  1  1
2  2  1  1  1  1  1  1  1  1  2  2  1  1  1  1  1  1  2  2  2  2  2  2  1  1  1  1  1  1  2  2  1  1  2  2  1  1  1  1  2  2  2  2  2  2  2  2  1  1  1  1  1  1  3  3  2  2  2  2
2  2  1  1  1  1  2  2  2  2  1  1  1  1  1  1  1  1  1  2  1  1  2  2  2  2  1  2  1  1  2  2  1  1  2  2  1  1  1  1  1  2  2  2  2  2  2  2  2  2  2  2  2  2  3  3  2  2  1  1
1  1  2  2  1  1  2  2  1  1  2  2  1  1  1  1  1  1  1  1  1  1  2  2  2  2  2  2  1  1  2  2  1  1  2  2  1  1  1  1  2  2  2  2  1  1  3  3  2  2  2  2  2  2  3  3  2  2  2  2
1  1  2  2  1  1  2  2  2  2  1  1  1  1  1  1  1  1  5  5  1  1  2  2  2  2  2  2  1  1  2  2  1  1  1  1  1  1  1  1  2  2  2  2  2  2  2  2  2  2  2  2  1  1  2  2  2  2  1  1
2  2  1  1  1  1  2  2  1  1  2  2  1  1  1  1  1  1  2  2  2  2  2  2  1  1  1  1  1  1  2  2  1  1  1  1  1  1  1  1  2  2  2  2  2  2  2  2  2  2  2  2  1  1  2  2  2  2  1  1
2  2  1  1  1  1  1  1  2  2  1  1  1  1  1  1  1  1  2  2  2  2  2  2  2  2  1  1  1  1  2  2  1  1  2  2  1  1  1  1  2  2  2  2  2  2  2  2  2  2  2  2  2  2  3  3  2  2  1  1
1  1  1  1  1  1  1  1  1  1  1  1  1  1  1  1  1  1  2  2  2  2  2  2  2  2  2  2  1  1  2  2  1  1  2  2  1  1  1  1  2  2  2  2  1  1  2  2  2  2  1  1  2  2  1  1  2  2  1  1
2  2  2  2  1  1  1  1  1  1  2  2  1  1  1  1  1  1  2  2  2  2  2  2  1  1  1  2  1  1  2  2  1  1  1  1  1  1  2  2  2  2  2  2  2  2  2  2  2  2  2  2  1  1  3  3  2  2  1  1
2  2  2  2  1  1  2  2  2  2  2  2  1  1  1  1  1  1  1  1  1  1  2  2  1  1  1  1  1  1  2  2  1  1  1  1  1  1  1  1  2  2  2  2  1  1  2  2  2  2  2  2  1  1  3  3  2  2  2  2
2  2  1  1  1  1  2  2  1  1  2  2  1  1  1  1  1  1  2  2  1  1  1  1  2  2  1  1  1  1  2  2  1  1  1  1  1  1  1  1  2  2  1  1  1  1  2  2  2  2  2  2  1  1  1  1  2  2  2  2
1  1  2  2  1  1  1  1  2  2  1  1  1  1  1  1  1  1  2  2  3  3  2  2  2  2  2  2  1  1  2  2  1  1  2  2  1  1  1  1  2  2  2  2  1  1  2  2  2  2  2  2  2  2  3  3  2  2  1  1
1  1  1  1  1  1  1  1  2  2  2  2  1  1  1  1  1  1  1  2  3  3  2  2  2  2  2  2  1  1  2  2  1  1  2  2  1  1  1  1  2  2  2  2  2  2  2  2  1  1  2  2  2  2  3  3  2  2  1  1
2  2  1  1  1  1  2  2  2  2  1  1  1  1  1  1  1  1  1  2  1  1  2  2  2  2  1  1  1  1  2  2  1  1  2  2  1  1  1  1  1  1  2  2  2  2  2  2  2  2  2  2  2  2  3  3  2  2  1  1
2  2  1  1  1  1  1  1  2  2  1  1  1  1  1  1  1  1  2  2  2  2  2  2  2  2  1  1  1  1  2  2  1  1  2  2  1  1  1  1  2  2  2  2  2  2  2  2  2  2  2  2  2  2  3  3  2  2  1  1
2  2  1  1  1  1  2  2  1  1  2  2  1  1  1  1  1  1  2  2  1  1  1  1  2  2  1  1  1  1  2  2  1  1  1  1  1  1  1  1  2  2  1  1  1  1  2  2  2  2  2  2  1  1  3  3  2  2  2  2
2  2  2  2  1  1  2  2  1  1  2  2  1  1  1  1  1  1  3  3  2  2  2  2  2  2  1  1  1  1  1  1  1  1  2  2  1  1  1  1  2  2  3  3  2  2  1  1  1  1  2  2  1  1  2  2  2  2  1  1
2  2  1  1  1  1  2  2  1  1  2  2  1  1  1  1  1  1  1  2  1  1  1  1  2  2  1  1  1  1  2  2  1  1  1  1  1  1  1  1  2  2  1  1  2  2  2  2  2  2  2  2  1  1  3  3  2  2  2  2
1  1  1  1  1  1  3  3  2  2  2  2  1  1  1  1  1  1  2  2  1  1  1  1  1  1  2  2  2  2  2  2  1  1  1  1  1  1  1  1  2  2  2  2  1  1  3  3  2  2  2  2  2  2  2  2  2  2  1  1
1  1  1  1  1  1  3  3  1  1  2  2  1  1  1  1  1  1  3  3  1  1  2  2  2  2  2  2  1  1  1  1  1  1  1  1  1  1  1  1  2  2  2  2  2  2  2  2  2  2  2  2  1  1  2  2  2  2  1  1
2  2  1  1  1  1  2  2  1  1  2  2  1  1  1  1  1  1  2  2  2  2  2  2  1  1  1  1  1  1  2  2  1  1  1  2  1  1  1  1  2  2  2  2  2  2  2  2  2  2  2  2  1  1  2  2  2  2  1  1
1  1  2  2  1  1  1  1  2  2  1  1  1  1  1  1  1  1  1  2  3  3  2  2  2  2  2  2  1  1  2  2  1  1  0  0  1  1  1  1  2  2  2  2  1  1  2  2  2  2  2  2  2  2  0  0  2  2  1  1
1  1  2  2  1  1  1  1  2  2  2  2  1  1  1  1  1  1  2  2  2  2  2  2  2  2  2  2  1  1  2  2  1  1  1  1  1  1  1  1  2  2  2  2  2  2  2  2  1  1  2  2  1  1  3  3  2  2  1  1
2  2  1  1  1  1  2  2  1  1  2  2  1  1  1  1  1  1  1  1  2  2  2  2  1  1  1  1  1  1  2  2  1  1  1  2  1  1  1  1  2  2  1  1  1  1  2  2  2  2  2  2  1  1  3  3  2  2  1  1
2  2  1  1  1  1  2  2  1  1  2  2  1  1  1  1  1  1  1  2  1  1  1  1  2  2  1  1  1  1  2  2  1  1  1  1  1  1  1  1  2  2  1  1  2  2  2  2  2  2  2  2  1  1  3  3  2  2  2  2
1  1  1  1  1  1  1  1  2  2  1  1  1  1  1  1  1  1  2  2  1  1  2  2  2  2  2  2  1  1  1  1  1  1  2  2  1  1  1  1  2  2  2  2  2  2  3  3  2  2  2  2  0  0  2  2  2  2  1  1
1  1  2  2  1  1  1  1  1  1  1  1  1  1  1  1  1  1  1  2  3  3  2  2  2  2  2  2  1  1  2  2  1  1  2  2  1  1  1  1  2  2  2  2  1  1  2  2  1  1  2  2  0  0  3  3  2  2  1  1
1  1  1  1  1  1  1  1  2  2  1  1  1  1  1  1  1  1  2  2  1  1  2  2  1  1  2  2  1  1  2  2  1  1  1  1  1  1  1  1  2  2  1  1  1  1  2  2  2  2  2  2  1  1  3  3  2  2  2  2
1  1  1  1  1  1  0  0  2  2  1  1  1  1  1  1  1  1  0  0  0  0  2  2  1  1  2  2  1  1  2  2  1  1  1  1  1  1  1  1  2  2  0  0  1  1  2  2  2  2  2  2  0  0  2  2  2  2  2  2
1  1  1  1  1  1  2  2  2  2  2  2  1  1  1  1  1  1  1  1  3  3  2  2  2  2  2  2  1  1  2  2  1  1  2  2  1  1  1  1  2  2  2  2  2  2  2  2  1  1  2  2  0  0  3  3  2  2  1  1
1  1  2  2  1  1  1  1  1  1  1  1  1  1  1  1  1  1  2  2  3  3  2  2  2  2  2  2  1  1  2  2  1  1  2  2  1  1  1  1  2  2  2  2  1  1  2  2  1  1  2  2  0  0  3  3  2  2  1  1
1  1  2  2  1  1  1  1  1  1  1  1  1  1  1  1  1  1  1  2  1  1  2  2  2  2  2  2  1  1  2  2  1  1  2  2  1  1  1  1  2  2  1  1  2  2  2  2  2  2  2  2  2  2  3  3  2  2  1  1
2  2  1  2  1  1  1  1  2  2  1  2  1  1  1  1  1  1  1  1  2  2  2  2  2  2  1  2  1  1  2  2  1  1  2  2  1  1  1  1  2  2  2  2  1  2  2  2  2  2  2  2  1  1  3  3  2  2  1  1
2  2  1  1  1  1  2  2  1  1  2  2  1  1  1  1  1  1  2  2  1  1  1  1  2  2  1  1  1  1  2  2  1  1  1  1  1  1  1  1  2  2  1  1  1  1  2  2  2  2  2  2  1  1  3  3  2  2  2  2
2  2  2  2  1  1  1  1  2  2  1  1  1  1  1  1  1  1  1  2  1  1  2  2  1  1  1  1  1  1  1  1  1  1  2  2  1  1  1  1  2  2  1  1  1  1  2  2  2  2  2  2  1  1  3  3  2  2  1  1
2  2  1  1  1  1  1  1  2  2  1  1  1  1  1  1  1  1  2  2  2  2  2  2  2  2  1  1  1  1  2  2  1  1  2  2  1  1  1  1  2  2  2  2  2  2  2  2  2  2  2  2  1  1  1  1  2  2  1  1
2  2  2  2  1  1  1  1  2  2  2  2  1  1  1  1  1  1  1  2  1  1  2  2  1  1  1  1  1  1  2  2  1  1  2  2  1  1  2  2  2  2  2  2  2  2  2  2  2  2  2  2  1  1  3  3  2  2  1  1
1  1  2  2  1  1  1  1  1  1  1  1  1  1  1  1  1  1  1  1  1  1  2  2  2  2  2  2  1  1  2  2  1  1  1  1  2  2  2  2  2  2  2  2  1  1  2  2  1  1  2  2  1  1  3  3  2  2  1  1
2  2  1  1  1  1  2  2  2  2  1  1  1  1  1  1  1  1  2  2  1  1  0  0  0  0  1  1  1  1  2  2  1  1  2  2  0  0  0  0  0  0  2  2  2  2  2  2  2  2  2  2  2  2  3  3  2  2  1  1
1  2  2  2  1  1  1  1  1  2  1  1  1  1  1  1  1  1  1  2  2  2  1  1  1  2  2  2  1  1  2  2  1  1  1  2  1  1  1  1  2  2  1  2  1  2  2  2  2  2  2  2  1  2  2  2  2  2  1  1
1  1  2  2  1  1  1  2  2  2  1  1  1  1  1  1  1  1  5  5  1  1  2  2  2  2  2  2  1  1  2  2  1  1  1  2  1  1  1  1  2  2  2  2  1  2  2  2  2  2  2  2  1  1  2  2  2  2  1  1
1  1  2  2  1  1  1  1  1  1  1  1  1  1  1  1  1  1  1  2  1  1  2  2  1  1  2  2  1  1  2  2  1  1  2  2  1  1  1  1  2  2  2  2  1  1  2  2  2  2  2  2  2  2  3  3  2  2  1  1
1  1  2  2  1  1  1  1  2  2  2  2  1  1  1  1  1  1  2  2  2  2  2  2  2  2  2  2  1  1  2  2  1  1  1  1  2  2  1  1  2  2  2  2  2  2  1  1  2  2  2  2  2  2  2  2  2  2  1  1
2  2  1  1  1  1  2  2  2  2  2  2  1  1  1  1  1  1  2  2  2  2  2  2  1  1  1  1  1  1  2  2  1  1  1  1  1  3  1  1  2  2  2  2  2  2  2  2  2  2  2  2  1  1  2  2  2  2  1  1
1  1  1  1  1  1  2  2  1  1  1  1  1  1  1  1  1  1  1  2  1  1  2  2  1  2  2  2  1  1  2  2  1  1  3  3  1  1  1  2  1  2  2  2  2  2  1  1  1  2  2  2  2  2  1  1  2  2  1  1
2  2  1  2  1  1  1  2  1  2  1  2  1  1  1  1  1  1  1  2  1  2  2  2  1  2  1  2  1  1  2  2  1  1  2  2  1  1  1  1  1  2  2  2  2  2  2  2  2  2  2  2  2  2  1  1  2  2  1  1
2  2  2  2  1  1  1  1  1  2  1  1  1  1  1  1  1  1  2  2  1  2  2  2  2  2  1  1  1  1  2  2  1  1  1  2  1  1  1  2  2  2  2  2  2  2  2  2  2  2  2  2  1  1  1  1  2  2  1  1
2  2  1  1  1  1  2  2  2  2  1  1  1  1  1  1  1  1  2  2  1  1  2  2  2  2  1  1  1  1  2  2  1  1  2  2  1  1  1  1  1  1  2  2  2  2  2  2  2  2  2  2  2  2  3  3  2  2  1  1
1  1  1  1  1  1  2  2  1  1  1  1  1  1  1  1  1  1  1  1  1  1  2  2  1  1  2  2  1  1  2  2  1  1  1  1  2  2  1  1  1  1  2  2  2  2  1  1  1  1  2  2  1  1  3  3  2  2  1  1
2  2  2  2  1  1  1  1  1  1  3  3  2  2  1  1  1  1  3  3  1  1  2  2  2  2  1  1  1  1  2  2  1  1  1  1  1  1  1  1  2  2  2  2  1  1  2  2  2  2  2  2  1  1  2  2  2  2  1  1
2  2  2  2  1  1  2  2  2  2  2  2  1  1  1  1  1  1  1  1  2  2  2  2  2  2  1  1  1  1  2  2  1  1  1  1  1  1  1  1  2  2  2  2  1  1  2  2  2  2  2  2  2  2  3  3  2  2  2  2
1  1  1  1  1  1  3  3  1  1  2  2  1  1  1  1  1  1  1  2  1  1  2  2  1  1  2  2  2  2  2  2  1  1  1  1  1  1  1  1  2  2  2  2  1  1  3  3  2  2  2  2  2  2  2  2  2  2  1  1
1  1  2  2  1  1  1  1  1  1  1  1  1  1  1  1  1  1  1  2  1  2  1  2  1  2  2  2  1  1  2  2  1  1  1  2  1  1  1  1  2  2  1  2  1  2  2  3  2  2  2  2  2  2  1  3  2  2  1  1
0  0  1  1  1  1  1  1  2  2  1  1  1  1  1  1  1  1  1  1  2  2  2  2  2  2  1  1  1  1  2  2  1  1  2  2  1  1  1  1  2  2  2  2  2  2  2  2  2  2  2  2  2  2  3  3  2  2  1  1
2  2  1  1  1  1  2  2  2  2  2  2  1  1  1  1  1  1  2  2  1  1  2  2  1  1  1  1  2  2  2  2  1  1  1  1  1  1  1  1  1  1  2  2  2  2  1  1  2  2  2  2  1  1  3  3  2  2  1  1
2  2  2  2  1  1  1  1  1  2  2  2  1  1  1  1  1  1  1  2  2  3  2  2  1  1  1  1  1  2  2  2  1  1  1  1  1  1  2  2  2  2  2  2  1  1  2  2  2  2  2  2  1  1  3  3  2  2  1  1
2  2  1  1  1  1  2  2  1  1  2  2  1  1  1  1  1  1  2  2  1  1  1  1  2  2  1  1  1  1  2  2  1  1  1  1  1  1  1  1  2  2  1  1  1  1  2  2  2  2  2  2  1  1  3  3  2  2  2  2
2  2  2  2  1  1  1  1  1  1  3  3  1  1  1  1  1  1  1  1  1  1  1  1  1  1  1  1  1  1  2  2  1  1  2  2  1  1  1  1  2  2  2  2  1  1  2  2  2  2  2  2  1  1  1  1  2  2  1  1
2  2  1  1  1  1  1  1  2  2  2  2  1  1  1  1  1  1  1  1  1  1  2  2  1  1  1  1  1  1  2  2  1  1  2  2  1  1  2  2  1  1  2  2  2  2  2  2  2  2  2  2  1  1  3  3  2  2  1  1
2  2  1  1  1  1  2  2  2  2  2  2  1  1  1  1  1  1  2  2  1  1  1  1  2  2  1  1  1  1  2  2  1  1  1  1  1  1  1  1  2  2  2  2  2  2  1  1  2  2  2  2  1  1  3  3  2  2  1  1
1  1  1  1  1  1  1  1  1  1  1  1  1  1  1  1  1  1  1  2  1  1  2  2  2  2  2  2  1  1  2  2  1  1  2  2  1  1  1  2  2  2  1  1  2  2  2  2  1  1  2  2  1  1  2  2  2  2  1  1
1  1  2  2  1  1  1  1  2  2  1  2  1  1  1  1  1  1  1  2  1  2  2  2  1  1  2  2  1  2  2  2  1  1  1  1  1  1  1  2  2  2  1  1  1  2  2  2  2  2  2  2  1  1  3  3  2  2  2  2
2  2  2  2  1  1  2  2  1  1  1  2  1  1  1  1  1  1  2  2  1  1  2  2  1  1  1  1  1  1  2  2  1  1  2  2  1  1  1  1  2  2  2  2  2  2  2  2  2  2  2  2  1  1  3  3  2  2  1  1
2  2  1  1  1  1  2  2  1  1  2  2  1  1  1  1  1  1  2  2  1  1  1  1  2  2  1  1  1  1  2  2  1  1  1  1  1  1  1  1  2  2  1  1  1  1  2  2  2  2  2  2  1  1  3  3  2  2  2  2
1  2  2  2  1  1  1  1  2  2  1  2  1  1  1  1  1  1  2  2  1  2  2  2  1  1  2  2  1  1  2  2  1  1  2  2  1  1  1  1  2  2  2  2  1  2  2  2  2  2  2  2  1  2  1  1  2  2  2  2
2  2  1  1  1  1  2  2  2  2  1  1  1  1  1  1  1  1  2  2  1  1  2  2  2  2  1  1  1  1  2  2  1  1  2  2  1  1  1  1  1  1  2  2  2  2  2  2  2  2  2  2  1  1  3  3  2  2  1  1
2  2  1  1  1  1  2  2  2  2  2  2  1  1  1  1  1  1  2  2  2  2  2  2  1  1  1  1  1  1  2  2  1  1  1  1  1  1  1  2  2  2  2  2  2  2  2  2  2  2  2  2  1  1  2  2  2  2  1  1
2  2  1  1  1  1  2  2  2  2  2  2  1  1  1  1  1  1  1  2  1  1  2  2  1  1  1  1  1  1  2  2  1  1  1  1  1  1  2  2  2  2  2  2  2  2  2  2  2  2  2  2  1  1  3  3  2  2  1  1
2  2  1  1  1  1  2  2  2  2  3  3  2  2  1  1  1  1  2  2  2  2  2  2  2  2  1  1  2  2  2  2  1  1  1  1  2  2  1  2  1  1  2  2  1  1  2  2  2  2  2  2  2  2  1  1  2  2  1  1
1  1  1  2  1  1  1  1  2  2  1  1  1  1  1  1  1  1  2  3  1  1  2  2  1  2  2  2  1  1  1  2  1  1  2  2  1  1  1  1  2  2  1  2  2  2  2  2  1  1  2  2  1  1  2  2  2  2  2  2
2  2  1  2  1  1  1  2  2  2  1  1  1  1  1  1  1  1  2  3  1  1  2  2  1  2  1  2  1  1  2  2  1  1  2  2  1  1  1  2  1  2  2  2  2  2  1  2  2  2  2  2  1  1  3  3  2  2  2  2
1  1  2  2  1  1  1  1  2  2  1  2  1  1  1  1  1  1  2  2  1  1  2  2  1  2  2  2  1  1  2  2  1  1  2  2  1  1  1  1  2  2  2  2  1  1  2  2  2  2  2  2  2  2  3  3  2  2  1  1
1  1  1  1  1  1  1  1  2  2  1  1  1  1  1  1  1  1  2  2  1  1  2  2  2  2  2  2  1  1  2  2  1  1  1  1  1  1  1  1  2  2  1  1  2  2  2  2  1  1  2  2  2  2  2  2  2  2  1  1
1  2  1  2  1  1  1  2  1  2  1  2  1  1  1  1  1  1  2  3  1  2  2  2  1  1  1  2  1  1  2  2  1  1  1  1  1  1  1  1  2  2  2  2  2  2  2  2  2  2  2  2  1  1  2  2  2  2  1  1
1  1  1  1  1  1  2  2  1  1  1  1  1  1  1  1  1  1  1  1  1  1  2  2  1  1  2  2  1  1  2  2  1  1  1  1  1  1  1  1  1  1  2  2  2  2  1  1  1  1  2  2  1  1  3  3  2  2  1  1
1  2  1  2  1  1  1  1  1  2  1  2  1  1  1  1  1  1  2  2  1  1  2  2  2  2  1  2  1  1  1  2  1  1  1  1  1  1  1  1  2  2  2  2  1  1  3  3  1  2  2  2  1  2  2  2  2  2  1  1
2  2  1  1  1  1  1  1  2  2  1  1  1  1  1  1  1  1  2  2  2  2  2  2  2  2  1  1  1  1  2  2  1  1  2  2  1  1  1  1  2  2  2  2  2  2  2  2  2  2  2  2  1  1  3  3  2  2  1  1
1  1  1  1  1  1  2  2  1  1  1  1  1  1  1  1  1  1  1  1  1  1  2  2  1  1  2  2  1  1  2  2  1  1  1  1  1  1  1  1  1  1  2  2  2  2  1  1  1  1  2  2  1  1  3  3  2  2  0  0
1  1  2  2  1  1  1  1  2  2  1  1  1  1  1  1  1  1  2  2  1  1  2  2  1  1  2  2  1  1  2  2  1  1  1  1  2  2  1  1  2  2  2  2  1  1  2  2  1  1  2  2  1  1  2  2  2  2  0  0
1  1  2  2  1  1  1  1  2  2  1  1  1  1  1  1  1  1  2  2  2  2  2  2  1  1  2  2  1  1  2  2  1  1  2  2  1  1  1  1  2  2  2  2  2  2  2  2  2  2  2  2  1  1  1  1  2  2  0  0
